48 0.4675480769230769 0.90625 0.19951923076923078 0.10096153846153846
48 0.6826923076923077 0.6189903846153847 0.19230769230769232 0.06971153846153846
48 0.576923076923077 0.4747596153846154 0.1875 0.05528846153846154
48 0.32572115384615385 0.29086538461538464 0.17548076923076925 0.13942307692307693
48 0.5084134615384616 0.20192307692307693 0.23798076923076925 0.1778846153846154
48 0.8762019230769231 0.7572115384615385 0.2091346153846154 0.1875
48 0.30528846153846156 0.4170673076923077 0.27403846153846156 0.2091346153846154
48 0.8413461538461539 0.35216346153846156 0.3028846153846154 0.3389423076923077
48 0.7379807692307693 0.10096153846153846 0.31730769230769235 0.1826923076923077
48 0.07692307692307693 0.545673076923077 0.07211538461538462 0.05288461538461539
48 0.8028846153846154 0.9795673076923077 0.12980769230769232 0.05528846153846154
48 0.9326923076923077 0.9170673076923077 0.13942307692307693 0.16105769230769232
