7 0.701923076923077 0.7295673076923077 0.6057692307692308 0.5360576923076923
7 0.37259615384615385 0.7199519230769231 0.06730769230769232 0.5504807692307693
7 0.2956730769230769 0.7295673076923077 0.08173076923076923 0.5168269230769231
7 0.07572115384615385 0.7680288461538461 0.13701923076923078 0.4495192307692308
7 0.19951923076923078 0.75 0.10096153846153846 0.4903846153846154
7 0.48197115384615385 0.7235576923076924 0.1514423076923077 0.5480769230769231
7 0.5889423076923077 0.733173076923077 0.057692307692307696 0.5480769230769231
7 0.6802884615384616 0.7235576923076924 0.1201923076923077 0.5288461538461539
7 0.8125 0.7415865384615385 0.14423076923076925 0.5024038461538461
7 0.9423076923076924 0.7704326923076924 0.11538461538461539 0.4447115384615385
